.Random.seed <-
c(403L, 10L, 1256698936L, -73550618L, 363986049L, -1562960877L, 
-554763326L, -1497611148L, 600078967L, -46619795L, 504034308L, 
1884565290L, -2052772715L, -100521169L, -2020492746L, 1052294752L, 
1623497891L, 1762457537L, -921549904L, -1072879922L, -1835781063L, 
1795951179L, -49553414L, -1287243012L, 1654624063L, 502702101L, 
597750572L, 544380930L, 1384915677L, 2137737687L, 631473342L, 
-1334051080L, -1242108709L, 1200254777L, -782415224L, 1600564790L, 
365944433L, 1046314147L, 1367225842L, -1487866556L, -888097273L, 
-138480675L, -576561964L, 315573242L, 1624552261L, 1222633375L, 
-2040681178L, -167774800L, 1430662739L, -1465079439L, 1245036704L, 
2073792574L, -445597879L, -1933664773L, 1528840650L, 181202732L, 
218615599L, 1962032613L, 2123202716L, 1194632434L, -659530387L, 
944319143L, -1690123058L, 839084584L, -77415893L, 768544841L, 
-1462513320L, -881883130L, -1836385823L, -1529347213L, 562911202L, 
113704788L, 188363351L, 1253106253L, 919143908L, 1427627978L, 
-1230806475L, -932583281L, 677190038L, -979524288L, -1076774909L, 
-1149687263L, -1161351920L, -1675697426L, 1793621657L, 671891243L, 
-1454720486L, 391981276L, 1959191775L, 1588585141L, 296596556L, 
695175330L, -1645983747L, 1567274231L, 1453941278L, -639869736L, 
-934436805L, 1805183449L, 852004712L, -1541324138L, 907971601L, 
-2045780541L, -1970445870L, 1224829028L, -1047246937L, -414627587L, 
-311354124L, -1265665062L, -143012059L, -1230236097L, 852712902L, 
-1095763376L, -972720525L, -2100462959L, -1529560384L, -1770462050L, 
161925225L, 57156763L, -1772413526L, 1321127372L, 1508728975L, 
1186111685L, 1969901692L, -1019482926L, -1693154227L, -1024551673L, 
1530722542L, 1695275464L, -1813332277L, -1288982743L, -457361544L, 
1560513702L, -831594815L, -501639341L, 2039501826L, -118001356L, 
478010039L, 977798829L, 133957572L, 114454506L, 2121576533L, 
-248345105L, -1518004746L, 591442720L, -1401754397L, 2058381697L, 
-203104272L, 717651598L, -670219783L, 1785908107L, 725452730L, 
1721124540L, 1899290111L, -1090282667L, 405638252L, -1216911166L, 
-1657914595L, -974343785L, -98342658L, -314017096L, 1796981915L, 
-1600273671L, -2060090296L, 144369526L, 92250801L, -1884671261L, 
1676882354L, 1767604740L, -1026754233L, 1965818909L, -1044104556L, 
-251416006L, 900229L, 2126111071L, 406434278L, 1443586160L, 249406355L, 
695460913L, 1112369888L, 1271655294L, 1684300297L, 458451515L, 
-332532726L, 934890476L, -1421402001L, 1232289701L, 860145500L, 
1440828210L, -818040275L, 1559437543L, -288042482L, 1448144872L, 
-690023957L, -1852906871L, 828398104L, 517050694L, -1498832991L, 
1866191411L, 1627991970L, -2146588012L, -1162682089L, -14450931L, 
-1271106012L, -1560682998L, -1442650251L, 658305743L, 893535702L, 
761235840L, -429080125L, 1303205729L, 269708752L, 1076321582L, 
-993235751L, -1164138773L, -474463398L, -167897828L, 1342858271L, 
1440131189L, -250153716L, 2079480034L, 101372349L, 1429493303L, 
-543077154L, -773957608L, 55215995L, -344750311L, 1534729128L, 
615680854L, -74837039L, -1263377496L, -792203060L, -1672348676L, 
-1316499022L, 1478532592L, -995233852L, -1555914408L, -1556052614L, 
-515969104L, 786503100L, 419566676L, -979753022L, 1825466400L, 
1551853756L, -1358948784L, 1940369378L, 919119976L, -535502772L, 
27661564L, 291321842L, 887799040L, -834103948L, -1465694200L, 
519435194L, -1842305584L, 1278283756L, -1287574124L, 2143345106L, 
-216227488L, -1913709748L, 1768180000L, 1662003074L, 632112872L, 
1910698220L, -1687394244L, 1468092274L, -1346462096L, -1196434396L, 
1876297528L, -1035037542L, 178430672L, 625772732L, -1996597612L, 
1661058690L, 1541785792L, -464003268L, -737038192L, -284723678L, 
-1385071608L, 811867404L, 1601805468L, -1265782254L, -931282048L, 
1185707540L, -1101662680L, 967499066L, -1275898416L, 213905516L, 
1740907828L, 149471890L, 1357698912L, 2066501452L, 123801568L, 
333876130L, 838642600L, -465610356L, 1147634876L, -1758482062L, 
-1679724304L, 1305903172L, -477426344L, 117875258L, -1821434000L, 
903375932L, 1774668564L, -1968286270L, -1433807136L, -1003818116L, 
599003856L, -2017078110L, 1493755944L, -192722676L, -2143300676L, 
1411843378L, 720093632L, 319910452L, -2124101688L, 525198522L, 
-889611888L, 1548345836L, 1753595476L, 1877732498L, -724288736L, 
-1108188724L, 1584528864L, 1643605698L, -410603480L, -582295892L, 
-1589432132L, -1642031630L, 1597873456L, 514901156L, 1934746296L, 
-195233446L, 1618088336L, -1756655748L, 935012628L, -221499582L, 
-1230139648L, -2108775492L, 352074576L, -630730974L, 477947208L, 
-1160198644L, -1876860836L, 212695250L, 1280325120L, 981678420L, 
-1354414616L, 1717068794L, -1488622384L, -1099220692L, 802911988L, 
-876907118L, -185261984L, 1987441932L, 1005699808L, -1475107486L, 
1392806568L, 1937977932L, 315796860L, -1592303310L, -1958224784L, 
-2001091772L, -437126696L, 588430458L, -49332688L, 1499325116L, 
-1173648556L, -2021572542L, 1100470688L, 1616021180L, 580093392L, 
1525771618L, 215949288L, 1316261836L, 734558972L, 1761566194L, 
-531917696L, 1194795252L, -1367022968L, -272858310L, -1265234096L, 
-1183714708L, 1878276244L, -1144573614L, 1544472288L, -1086157108L, 
-2018455392L, -1999444094L, 1845393128L, 245817068L, -1699225540L, 
-393703822L, -1408312208L, 1544032804L, 1503150136L, 1828542490L, 
1922467536L, -128398276L, -1196084076L, 1534564482L, -1118449728L, 
1547602236L, -997867888L, 389548066L, -224798712L, 2018114700L, 
-818240484L, 1901888146L, 320053376L, 811328532L, 1897992488L, 
349715002L, -1667767088L, 843250796L, 334667444L, 2096961554L, 
719417312L, 110132172L, 171431392L, -1643234782L, -1515076312L, 
1352375564L, 1066710588L, 332220658L, -904452368L, -48107708L, 
578102872L, -857281990L, 2117570288L, -827516740L, 1740245524L, 
1149291714L, -2034520992L, 1399324028L, 1497762000L, 1312439330L, 
-219310424L, 1369361292L, 690030012L, -616238030L, 1408806720L, 
-1382824780L, -1136869560L, 1814831802L, 1499655952L, 1538684140L, 
-1478255532L, 289300242L, 17616800L, -413838388L, -1836840096L, 
-1075141438L, -348357080L, 1323613612L, 1548491580L, -140184743L, 
646974958L, -938137476L, 1708506349L, 883162007L, 712402016L, 
-890911170L, 2029768459L, -373820019L, -776618310L, 403164408L, 
1791601313L, 169994835L, -592865932L, -519734526L, -996627561L, 
2109373793L, 768826790L, 990437284L, -1577989547L, 152247039L, 
556949400L, -1934577482L, -408906429L, -1759882107L, -675271390L, 
-753437168L, -2053597767L, -1837586837L, 208116060L, 1030287498L, 
-682567553L, 1537464777L, -1509860770L, -429567732L, -537672483L, 
-2132258329L, 1090685456L, 396977966L, 1320233947L, 954444989L, 
-1509609942L, -1569439032L, -1644169231L, 516290915L, 330262884L, 
-654300014L, 235389287L, -1558572239L, -964011914L, 1399325076L, 
26813861L, -276193617L, -1690450072L, -1955927226L, -707441933L, 
-1215323051L, -1268684750L, 113944064L, -375601431L, 356603227L, 
-1198164L, 1551408058L, -1632606865L, 160853753L, 602011534L, 
1803743836L, 915312845L, -697655241L, -1752597824L, -981221986L, 
-927232405L, -677444115L, -320039846L, 1635148568L, 257378433L, 
-1971540429L, 1235563604L, 1782460514L, 350205687L, 21416257L, 
1646784454L, -1606576892L, -1961997131L, 1994222495L, -1026194440L, 
-359309866L, -919821213L, -1544187867L, -2120767550L, 689585328L, 
-542754599L, -1550471605L, 226280636L, 2069445354L, -499959009L, 
-449727575L, 1065235774L, -1173963732L, 1816984189L, 1632892103L, 
-2072309328L, 1715387342L, 109046011L, 181415773L, 296389770L, 
685521576L, 1585694225L, -711534845L, 1229369860L, 1088895538L, 
964389511L, 14290641L, 887756886L, -271734732L, -1433138363L, 
693942671L, -1100762872L, -653120730L, -601693229L, -123644619L, 
1038382226L, 1865296992L, 102025673L, -1525063429L, -1250959668L, 
1444385626L, 877983311L, 544985881L, -1531818706L, 1900533564L, 
1748497581L, -737327273L, 1651985056L, -634477570L, -1383132469L, 
-1368636211L, -1901066246L, -761504712L, 276434401L, 1529484947L, 
-1511148364L, 837008834L, -1203892777L, 434033185L, -1596866074L, 
